00000000000000000000000000000000
00000000000000000000000000000000
00000000000000000000000000000000
00000000000000000000000000000000
00000000000000000000000000000000
00000000000000000000000000000000
00000000000000000000000000000000
00000000000000000000000000000000
00000000000000000000000000000000
00000000000000000000000000000000
00000000000000000000100000100000		
00100000000000100000000001010000		
00000000000000000100000000100000		
10001100001001000000001111101000		
00000000001000100001100000101010		
00010000011000000000000000001000		
10001100001001010000001111101000		
00000000101001000011000000101010		
00010000110000000000000000000010		
10001100001001000000001111101000		
00000001000000000011100000100000		
00100001000010000000000000000001		
00100000001000010000000000000100		
00001000000000000000000000001110		
10101100000001000000011111010000		
10101100000001110000011111010100	